4659035967545112082
2451961814612976038
6487431084734969655
5271236290949532483
3759571172416264376
6041609471539009223
4374644294241761695
9042071316375159493
2731781207609109796
8774060017439902053
753874502104946463
1399508028474226148
2267565505516768559
114026904413316584
6635582366602121416
802242329706024438
3489929158331064116
6353943055124274486
1072753831995391754
3794856875309636261
8288614610613775710
8587390112933000242
7838860346975909813
1480765726959879436
4629163694944628800
9112528073322203156
6235758784401125777
1291356424453520826
1837668112027937353
2733273015344790716
4263165759932772073
7878733985744633843
9056196853178948206
661658993831882491
2168519257848701059
8296330703550795908
6444116466366177167
2354849397011796481
8792016669712185993
1049386024463164532
4150510869493025165
2314094253639544408
4653419572806948481
2322995972716337336
7297388195711249214
6911558112165329348
7510022898698634657
5804209803897126553
3974479213919663633
3413008986432495992
5984984670140625637
955851503684169760
3105838192098518845
4820194444378386987
4418099215793843796
229754746797689354
9214433678722226041
1962351234318952538
7218545912725978117
2065633716705020328
6982312252771121258
2704568895474590355
5468390493456799087
5378267253713319172
1267771223753245797
6590629033833957994
2891588958338929791
7987041565457827908
5919419245142466445
2619338817011074874
3706175093912835494
6291493585583061589
6278239030391534789
437036896370886032
5757084952905356082
2252562652563163968
5540431789655077676
401463303720563421
5518395424199093905
7878822941085039426
5567592349985111816
9187853058387063042
2684967608416603809
8793039537017043626
2796327349173478823
5911320644677795670
8957965493445456375
6447004387174048695
5932585692325689163
2091949307295765545
2036338651365482939
6587951952524242531
9101809838321286308
6305948887501540456
7319628956494774575
5867468253703669493
3949945474310338285
4609018271704367753
5372159743685106575
9166812290492242902
2731558413605285
5176009808249615948
629479185229550669
6877144750095252282
8425235028323668010
4054230298263811106
2357240318737885668
6912444947719291626
7871052185061235062
5059528967520379115
7181005936584826523
1569108327719893879
6492018940345758651
6375232593606970588
3285858648033285716
1117514505880926521
946959998161497556
2569192087513675900
2771957387182775823
8128181012444777287
5850313826564144373
8081372835304323832
4321914445196040582
7703072680338873169
2284084280781386201
7093973708817743067
4775067264435482938
5549621542396701060
2493956438448831714
7275672077295550502
3270359785199604465
7080844871496715038
3070717677618194248
7156111872511428836
4701089965861158717
5576620840085046737
7482428831090250832
5516023501163134046
2894014763953703436
2229681312939337285
2294126789596532193
8018521903521837684
8326978946552438983
1965913030660107942
2133372841145585337
2970622231648274223
7983315635428644780
4098480047771195011
1446225296441522317
4108567442395530675
4194178554771698767
864822854817871280
3325547438025870882
1515142657295968528
5726912328644538595
7745378161381261512
640653743001996874
7861538906169400605
2588446088743148563
86992298369790035
870506454558578928
8198959390118155026
108878158205769737
339612903705873811
4049017689821540600
2796982495894465940
7613144604153146994
190105050363047677
1443994431143509169
8468572216768852737
2327905248524277083
4493866398783548983
1459625029481987932
1552124981183432307
989535852778274494
450805039910765082
4671323987703561677
1560734838143163887
8708318045717119383
4945257150219437133
4309409761866181404
777132021882506429
6085714458730217732
4887199220941176481
5105590467967248823
2118584076432123402
8438256246226054332
5556495866551775090
4893532364648155389
1859212055544851908
7285579669664355976
1725943365954092296
1251161911415176960
9188033381983463632
5959415877271851824
7838258551103428587
8718841856073150974
2097080432773706140
8789683478231037094
4407706473983443793
2419346099384542029
3709284682006634788
1211282996504962763
3820011868895732976
6945739655245590400
8563221706854453250
1583136700636531303
596892227578039033
2004781958088000020
3593307655413746789
7062219388231162822
2337064406424318615
6931614076051250677
2900726043659771942
8581345783501375353
6877097184136461976
1948832209982955796
8221721772221101285
2970680454211688084
3084564162826747578
8421654229709241068
4501957084284417656
7705582262607130943
8196679104694973164
5959925386317911267
264597257734779743
891206324073302017
868457606328076062
7163492978441645930
5110837853980117562
4216033587421350627
8335732856068714096
6883013447533601600
7176916311708043875
7785228535725092820
8784908521831291430
5001652457621544701
4871189141417849196
8431995963171798239
2727521481634395931
5025900658782204072
6788072366941047655
3977961361195647924
2399557125409970231
8728327692437574456
1614096137153638318
6027920414987287516
4793462194474191869
6429056483314175495
6497464066927722138
4266528560102643438
6856205560824692390
4813451868556439161
607418540427306325
9198901342419930822
4192499024096563329
7290017631563659032
7037779963574759836
5541814398582656550
6778560690369466255
1373416496365079319
7081623904506874974
3501487978991507480
1582754810103724021
3906498070789347372
3674661527740446637
1757072972243903963
870510574616561111
2548883048546702732
152912123972880434
7937834656986528819
6199443821455828693
1535151673462327477
1159288247877607422
809279785139018369
7683950122874225476
6995725191270864590
4391681256931401890
5684858192977652592
796326032125336394
8669845870430004250
3377765963563359199
5759340294428685792
7527258112437265662
5349456923009684869
1113277544041655667
7339740955972322257
6194262800444506964
5772994466373133750
3563557635942687862
4168512349280950651
9182872059113272706
4719977497230913444
6998997279163023977
1840540110423436996
6513615321671447815
5912581210904931782
828959104876856327
3543383438039059050
989363860905451858
2796972100210443924
4371914981220784088
7118884896852368968
6228391779173563973
4076797341611857155
2223618347386135864
4727619050385775540
660512863026248843
4968926462460102418
8665018065161806012
512053891857181375
9161590525988380539
2859001780503443752
6272468675572324127
2565072115124346037
5128421967879946991
4710521893156856722
6273318668286183074
5579891097134749134
6767854421098099134
2040723069876037975
2172376357918942992
8461225632345879339
111976376841646984
5718997040665078985
4499300387423374239
4933049642893914529
8025635984914885859
4383225918933004971
5225714855007140537
7055776483753961452
4325925746088496395
8452477225995611216
8922519480334550662
2988031484269139518
2152008584211222540
6583236912225663067
1529839196298259237
5407815799631257625
3920686210642057555
5320834371584250833
1014746605705463414
4445207789943235049
7930745899829899168
2182745250238443708
6076341228190324403
1745458544846939048
4053258370537092424
6513320275364123556
3496491976534917678
2379419913749371935
7840240342446832705
1475655625235581121
8585265269251207778
9129195480047013498
3668410238638823445
5591764905787972711
1987263390813816405
1045627482351206409
7500332219455906553
5319722482430598234
9169085570976864800
2226950508519604108
5319432146462562228
2572427183023445730
7992565207417277424
3205721434532511055
1983155156572454117
295298664702680554
2738563593333110221
3003188897994093128
5372891624461438359
2422500221510244178
7464321201129701530
310386955177090360
2492181183614337529
2734991390330700440
5057407908725596221
7307991685632686222
3215858737321593577
6919307227178682521
2321193790995929149
184222736737292176
2030865523369244770
905506612017289067
4491062093687888841
1233124826982432358
6395068496438500669
8546729817681155178
938166062494485779
4803108512677493904
509703282903020708
4885454553513111720
1288639595637217280
5141061650745476281
6837333550496186738
5926740768397622362
2344578412399842029
5651385551108951244
6077410340689167685
766688569342779884
6415278722322774424
2251658844280813912
1645601840150110945
428601578416545940
1488657839925850737
1288520866103922850
52412499245786414
3741176187346836153
5755550232535980271
153958704412130149
5270985640234709257
8132731134876789
6207452790023832531
7901018135799086931
3906762684955847239
1667736761466609926
3555993549127519801
677161070341226670
6559427072051923920
7290946412001545132
5945578714432108936
6237181787241504759
2425597207622939281
3464302972899277988
4634112828178167411
3629601234482355976
6538553682706343267
1525774555444427160
2353516559943347725
772844956143744016
1727309951090662019
2774729329037779249
7717542753331366224
4668720782343163652
5605851891480612533
7742404243902150077
4877425688552020439
2671336461317893110
2899704797371752838
3098009236673582177
4132468665190542888
9055015056349687045
662592061598729346
3872476974517925218
7477649538895223612
6531385885003684554
2747855128408482244
7621369840981708911
8733286312680228735
3555809053179989606
9202865167142878053
716470039933823494
6779936150408502373
6361442728836297929
1953067015210221740
7270101855356076372
4430361059871166118
1681913891993097238
6127782208171397626
8273638661612750640
4354511311778006836
4183572924024303609
2603675503008041076
4486512555371933639
3182423837544699827
5522943215739009961
2486431065826744504
7909182640286783039
2603621437766258939
610371367670818328
9111000093663395967
1922410431419689428
8657797783942294904
584151082953158717
495767357540259834
118024344650930246
3378765455021683585
5379235063278308297
1613335198541465828
55525462623705941
7514633878065786810
2491619049722753683
6763304846954718702
8535593657254939399
2655695029977159478
2907948898408061832
8953181211644996924
3925624365387026559
5952369402502357659
3616579056745317893
2651534794829630185
271518535486716358
6595854028732925687
205432471625906422
8293995872108159157
4201088754675922827
7934986359364613018
6856271894686668721
4994162515879805084
5021813718167906507
8819015352488358240
990071260393952819
635842543030326307
8602671015085583367
3736486896301452321
6759387203928373726
6910812436517133604
4353304306585413087
9042633271228717944
3491545666376337283
6042090368892440104
2441728767976379143
4807275938563256163
6362958527964971224
4814898012877768434
8700940574852719945
8975101378856763232
2447049798729859885
1731883252926574496
427191836715904903
4475167364197764418
5873655113907696424
6042301439299166872
5267674416732267525
2359922326359168084
7879872135984457681
789324167167856117
2382979667692377490
9146543540977718635
6398689833362785158
7470402873042901881
8062822425654233246
8734021270515213141
82594630434371973
3996201833962740922
4128521853170796985
347607930370675312
2183459352247642680
970370458164960675
590647396983987109
8132067141593457174
1558373918971843741
2216370463566641402
9122242847542752797
3725306409571833729
3318294905359858527
4072444571836407913
7831462326900310806
6109187341694344890
5890446038141643905
1561540506353513404
773962969896810841
5450034863853228144
5972096317973070509
4311207890088160341
5771695741038077444
3458246579294191811
7483360634418080090
289991337231268514
1407187700381533894
4596848005260659489
1796880875182104430
7438538751749375473
4584769771634562217
1947579612824089036
5999955240929405154
4551181958714165876
4790830932768864740
7011923613747176211
2574756547262406525
5007365978136755768
1978404789351538779
2542378909096472963
724902650780999477
4943807317280985932
1096401751181693553
2954971783398838390
5987825464588216975
4654211162418474894
2036510411230681576
495778496998873148
5841703825653622077
3305918054172675971
2747524715227838042
2252576564145680720
5917528887337782283
6340157880453287244
1685670144623223006
5471659956496119040
7304368502375642908
8587051804337748227
7499339380417578045
839760718384857955
991944644873146715
4899009567626980783
5255025068121051730
3262726298765456615
3379250239882341157
25500785308831943
7736708364430304413
2536495478950953698
3484214234248612796
9115539675975910745
4449826055661998394
8310216983452477864
2935041426874479675
3288534045575999790
6154502129097496474
4509544649587751753
3496111228900882245
4445061114284879427
1378211282566776677
4006604916702272392
8011607826923191844
1452532274173331314
2578535405728861265
2056103593632234865
9025733318446148998
5538780796769200815
2916338935209153937
4831920014618654700
8380237428324061770
5094690091824554937
5195373152461328595
8128596808667514832
3605580389173130203
1293451027955081144
867138985776054173
5786313832667262433
714839146523121762
5551426984441143675
6280868179164474723
2163232120271218347
1019602196393908655
133970728112357284
7805852632886177474
4632981531203551509
6492213555667714427
2990532530220631065
5993236576385002449
1211485837665933870
439309215030257256
6297512002719669740
1616956461567977208
3964977723365222476
2402681810247802596
783645495855436579
5719372918685068313
8066776939563002893
1612336883994781296
9093078987940720817
688301571842326951
6105117127536081737
345854013896722522
5608615512756632466
6422666842827486993
8480376608019078741
2430477696497289749
1122245992306333597
7420619603223009731
8346413588625615658
4558856902878236390
5822152373211819423
665764872247439695
1621857889055810386
2471801572820196683
8503113774405495393
1267625745206183215
2719043701287973155
2676293764662250365
1289453607533587330
9135982629093292787
8974071557423075801
831639926048069117
4381717277636759551
1637874951610282573
1228212668172325321
4868397718826287732
6947004699858518919
1774698646388240010
1174076302406249167
6005158512804672434
5920057129515031605
1393326118733820312
6670776202253468142
2517641497997069709
7353527763006829229
5251942574171833488
3968497890305814900
261513462109668359
7259558664270769705
1916435291022242916
5912116376191821228
3826022478532980790
3588612022809107369
4781610456316292510
8682790728845695333
8556210222329084520
3447398718484320835
4556428553580244102
7236823264398475257
4556612023880738913
5474910441028849854
1957587653323396611
2696363593931474086
8607851427985989782
3620534657106561302
9173319655284240733
3824855301999694496
300831577067177979
4276999223173086898
6003659105644147016
2842829585552512507
3506614073578329456
5416568016107128998
6489972741294275870
2439931579757430327
2198439793760008761
8606663973319026441
3878721480845804417
4560006621515626787
4413839493284100612
3416509934697298534
5900753807099751939
1396017117397606682
8274926254094792355
4096798145499789312
313551981777430912
4902912567432220939
665902361696781545
4155587531233976098
4304628649182614971
5340456816363377714
3774023100748425383
198095846538277576
6010850750769011164
3590714779241179127
8581730615415184245
414705290225637062
1417868442003124823
1626901566444933448
604383872458524734
1645698830981175927
8205336823865105438
6985646686512045143
5552020959802205692
5102199793219574918
3992474491816701841
7461016892633030902
5856339108915783160
8840270910984307800
2901137239827653406
6395295864674526998
2169772754617940238
2188522225959769322
5024360214571800520
4376755881845859612
920326716352601476
5008249857194352848
579710920043088593
2536569293950079114
2651716373619147639
8739342616083428026
5741424380923284235
6537052430385904171
3620978292580531080
1517371726072516804
5258769797998241808
4986292744040977989
2666259217898804835
4896516655393135412
1174967245097138560
7517379729426972643
6855874270065701633
4135036449952538191
2050879166365076619
6111666155764601941
1198619934025087916
4849771687686562592
902170100117080124
8118102306482077569
1006426159331319370
6278928028312086788
8500538134799852827
6657334449267463140
3502938113432007344
4980830489899748728
4150242813564371871
8689764701329268949
2770566443281697740
1599591818099343614
8917751995298963859
5525735792703265883
6468674348863331860
3071445131778699167
8251273379398000240
1359580426065054090
2753876686653903348
4692153706530303850
3019014356207227490
6842536341948532941
4597786273282393557
5228398502310054658
3904885721075282272
6611403202768499269
7216208855191867551
5924708226203316576
7442770122590188264
702301455632256176
2987300642742397633
9190380618181946623
5782502686876313545
3118868666798146202
8050911238141798497
4275251146208228281
822206222393060818
8401844423396767168
2861138835211475409
4035790534332032352
6926501919344903399
4058623299814998244
8242417421884729211
5317275823626193152
6499789538661920072
8827127569330803117
1818947929865901786
8054428261009795914
4069866848376875066
2007429480187860478
25807462357273292
7484566732408085461
5291896111258522820
6313688886659486081
3496699366493172142
1192498477241685292
7690138855962286300
7761346226039073349
7742012935942914699
3181072004790595419
8759086241562795706
587444509790143397
8902519987860849310
349343310926852795
4791049041013911778
3989624390577893608
246624645797132562
2059340512824351569
3728637845989897106
8123281457454201426
5432967158581755438
6405148839886084630
6496393636305117444
4846792529246012720
4102218210656987310
5255656342898473119
8430276580308802126
6576629752587714879
2783507157674750305
681914066111053418
778776738921664335
3201323149518786390
5532012945638139512
2915638655279593171
7060028625347759718
3315726318803773888
4701247135603486004
4695445496879185204
4538744102579593925
4453149721660863143
700998466905439940
1004765919248294526
4944209320279806587
1636971054992442609
8683632887324923442
545609046986412883
5131978238314509459
6230258813694433838
5081665766680843141
2211096637917064973
5983681959440892161
124459930736347254
225829072804996474
7655096534408030763
2850120748924519429
4091823485862047470
4565553732118361006
4885459132428019431
6515423507399457278
951603477253276676
5395765691297644319
6375755250534093341
7572788466620575530
4511267483638042289
8137433081231187585
2067670316787171347
6288174340585454444
5344740147007889796
6254104971661542118
6773092648832064517
4884812983132248860
3128300056984148945
2194566856409727923
9114278037687361728
8604559768654201864
3102710643433130077
2568624049847191915
7841834246363763834
26894660276295155
2275699764104896857
4076091059606076548
2134884551722632768
994857109581112741
376832921910567814
6962263783012759601
6299071508637357117
8333253535719477291
8176098896222165810
4706575362999953949
6370953864006311283
8762647332786303257
6391181067293791875
217701908251363879
4383386850443170738
3852936207176013898
6979108353036571458
1120325213335862804
3148963857627975425
1796279731273805293
6203231492229590785
1779609653031682468
5915363102729847291
6893254034211973008
6381377268608860455
3324916533591133797
6685663953629629673
6420934594699222830
6467566687480407365
2742541671971103474
6958677607203710290
9163466683339912668
6877274709896011236
8677414176190362873
3405299188430216129
2450614642749556749
2546083939324069740
7507461792249505909
79302110896444164
520978334903508170
2262050674818678266
4503354511913787757
6504365094408415248
1925449608644596969
6032067043031195059
7461554434894982573
519251845279315258
3521872189803318886
7479069303889983178
3404254552060015937
7613521785562165456
7643073997080681670
693742038788973802
6818873273799494910
2366619673808852115
1936725595015127154
6093937625660418122
7424666051397907548
3846651511141829540
3825004945147361491
6992559152788716851
7039550695569254679
8563802080338850696
8680508594720009707
6857273528850004203
5757373874204750949
8438788969705927491
4577282919964590055
4464289217708335153
5341612279093631766
1179363128942643288
4524575662264652872
2393561456645233926
9213281045443991083
6769623876406118262
2771208855046398582
7502530565584283964
6130869743790742528
3751088393155571387
8965413390428542464
1632552998084928648
8871977180012820352
6758229806775731370
5194624605010366529
1206051114150332333
8007880546043015970
6253839776231937346
3930173279177269118
4547486943229691085
441928736384127852
1368274621178748711
05
